1 1
1 2
1 3
1 4
1 5
1 6
1 7
1 8
1 9
1 10
1 11
1 12
1 13
1 14
1 15
1 16
1 17
1 18
1 19
1 20
1 21
1 22
1 23
1 24
1 25
1 26
1 27
1 28
1 29
1 30
1 31
1 32
1 33
1 34
1 35
1 36
1 37
1 38
1 39
1 40
1 41
1 42
1 43
1 44
1 45
1 46
1 47
1 48
1 49
1 50
1 51
1 52
1 53
1 54
1 55
1 56
1 57
1 58
1 59
1 60
1 61
1 62
1 63
1 64
1 65
1 66
1 67
1 68
1 69
1 70
1 71
1 72
1 73
1 74
1 75
1 76
1 77
1 78
1 79
1 80
1 81
1 82
1 83
1 84
1 85
1 86
1 87
1 88
1 89
1 90
1 91
1 92
1 93
1 94
1 95
1 96
1 97
1 98
1 99
1 100
1 101
1 102
1 103
1 104
1 105
1 106
1 107
1 108
1 109
1 110
1 111
1 112
1 113
1 114
1 115
1 116
1 117
1 118
1 119
1 120
1 121
1 122
1 123
1 124
1 125
1 126
1 127
1 128
1 129
1 130
1 131
1 132
1 133
1 134
1 135
1 136
1 137
1 138
1 139
1 140
1 141
1 142
1 143
1 144
1 145
1 146
1 147
1 148
1 149
1 150
1 151
1 152
1 153
1 154
1 155
1 156
1 157
1 158
1 159
1 160
1 161
1 162
1 163
1 164
1 165
1 166
1 167
1 168
1 169
1 170
1 171
1 172
1 173
1 174
1 175
1 176
1 177
1 178
1 179
1 180
1 181
1 182
1 183
1 184
1 185
1 186
1 187
1 188
1 189
1 190
1 191
1 192
1 193
1 194
1 195
1 196
1 197
1 198
1 199
1 200
1 201
1 202
1 203
1 204
1 205
1 206
1 207
1 208
1 209
1 210
1 211
1 212
1 213
1 214
1 215
1 216
1 217
1 218
1 219
1 220
1 221
1 222
1 223
1 224
1 225
1 226
1 227
1 228
1 229
1 230
1 231
1 232
1 233
1 234
1 235
1 236
1 237
1 238
1 239
1 240
1 241
1 242
1 243
1 244
1 245
1 246
1 247
1 248
1 249
1 250
1 251
1 252
1 253
1 254
1 255
1 256
1 257
1 258
1 259
1 260
1 261
1 262
1 263
1 264
1 265
1 266
1 267
1 268
1 269
1 270
1 271
1 272
1 273
1 274
1 275
1 276
1 277
1 278
1 279
1 280
1 281
1 282
1 283
1 284
1 285
1 286
1 287
1 288
2 289
3 290
4 291
5 292
6 293
7 294
8 295
9 296
10 297
11 298
12 299
13 300
14 301
15 302
16 303
17 304
18 305
19 306
20 307
21 308
22 309
23 310
24 311
25 312
26 313
27 314
28 315
29 316
30 317
31 318
32 319
33 320
34 321
35 322
36 323
37 324
38 325
39 326
40 327
41 328
42 329
43 330
44 331
45 332
46 333
47 334
48 335
49 336
50 337
51 338
52 339
53 340
54 341
55 342
56 343
57 344
58 345
59 346
60 347
61 348
62 349
63 350
64 351
65 352
66 353
67 354
68 355
69 356
70 357
71 358
72 359
73 360
74 361
75 362
76 363
77 364
78 365
79 366
80 367
81 368
81 369
81 370
81 371
81 372
81 373
81 374
81 375
81 376
81 377
81 378
81 379
81 380
81 381
81 382
81 383
81 384
81 385
81 386
81 387
81 388
81 389
81 390
81 391
81 392
81 393
81 394
81 395
81 396
81 397
81 398
81 399
81 400
81 401
81 402
81 403
81 404
81 405
81 406
81 407
81 408
81 409
81 410
81 411
81 412
81 413
81 414
81 415
81 416
81 417
81 418
81 419
81 420
81 421
81 422
80 423
79 424
78 425
77 426
76 427
75 428
74 429
73 430
72 431
71 432
70 433
69 434
68 435
67 436
66 437
65 438
64 439
63 440
62 441
61 442
60 443
59 444
58 445
57 446
56 447
55 448
54 449
53 450
52 451
51 452
50 453
49 454
48 455
47 456
46 457
45 458
44 459
43 460
42 461
41 462
40 463
39 464
38 465
37 466
36 467
35 468
34 469
33 470
32 471
31 472
30 473
29 474
28 475
27 476
26 477
25 478
24 479
23 480
22 481
21 482
20 483
19 484
18 485
17 486
16 487
15 488
14 489
13 490
12 491
11 492
10 493
9 494
8 495
7 496
6 497
5 498
4 499
3 500
2 501
1 502
1 503
1 504
1 505
1 506
1 507
1 508
1 509
1 510
1 511
1 512
1 513
1 514
1 515
1 516
1 517
1 518
1 519
1 520
1 521
1 522
1 523
1 524
1 525
2 526
3 527
4 528
5 529
6 530
7 531
8 532
9 533
10 534
11 535
12 536
13 537
14 538
15 539
16 540
17 541
18 542
19 543
20 544
21 545
22 546
23 547
24 548
25 549
26 550
27 551
28 552
29 553
30 554
31 555
32 556
33 557
34 558
35 559
36 560
37 561
38 562
39 563
40 564
41 565
42 566
43 567
44 568
45 569
46 570
47 571
48 572
49 573
50 574
51 575
52 575
53 575
54 575
55 575
56 575
57 575
58 575
59 575
60 575
61 575
62 575
63 575
64 575
65 575
66 575
67 575
68 575
69 575
70 575
71 575
72 575
73 575
74 575
75 575
76 575
77 575
78 575
79 575
80 575
81 575
82 575
83 575
84 575
85 575
86 575
87 575
88 575
89 575
90 575
91 575
92 575
93 575
94 575
95 575
96 575
97 575
98 575
99 575
100 575
101 575
102 575
103 575
104 576
105 577
106 578
107 579
108 580
109 581
110 582
111 583
112 584
113 585
114 586
115 587
116 588
117 589
118 590
119 591
120 592
121 593
122 594
123 595
124 596
125 597
126 598
127 599
128 600
129 601
130 602
131 603
132 604
133 605
134 606
135 607
136 608
137 609
138 610
139 611
140 612
141 613
142 614
143 615
144 616
145 617
146 618
147 619
148 620
149 621
150 622
151 623
152 624
153 625
154 626
155 627
156 628
157 629
158 630
159 631
160 632
161 633
162 634
163 635
164 636
165 637
166 638
167 639
168 640
169 641
170 642
171 643
172 644
173 645
174 646
175 647
176 648
177 649
178 650
179 651
180 652
181 653
182 654
183 655
184 656
185 657
186 658
187 659
188 660
189 661
190 662
191 663
192 664
193 665
194 666
195 667
196 668
197 669
198 670
199 671
200 672
201 673
202 674
203 675
204 676
205 677
206 678
207 679
208 680
209 681
210 682
211 683
212 684
213 685
214 686
215 687
216 688
217 689
218 690
219 691
220 692
221 693
222 694
223 695
224 696
225 697
226 698
227 699
228 700
229 701
230 702
231 703
232 704
233 705
234 706
235 707
236 708
237 709
238 710
239 711
240 712
241 713
242 714
243 715
244 716
245 717
246 718
247 719
248 720
249 721
250 722
251 723
252 724
253 725
254 726
255 727
256 728
257 729
258 730
259 731
260 732
261 733
262 734
263 735
264 736
265 737
266 738
267 739
268 740
269 741
270 742
271 743
272 744
273 745
274 746
275 747
276 748
277 749
278 750
279 751
280 752
281 753
282 754
283 755
284 756
285 757
286 758
287 759
288 760
289 761
290 762
291 763
292 764
293 765
294 766
295 767
296 768
297 769
298 770
299 771
300 772
301 773
302 774
303 775
304 776
305 777
306 778
307 779
308 780
309 781
310 782
311 783
312 784
313 785
314 786
315 787
316 788
317 789
318 790
319 791
320 792
321 793
322 794
323 795
324 796
325 797
326 798
327 799
328 800
329 801
330 802
331 803
332 804
333 805
334 806
335 807
336 808
337 809
338 810
339 811
340 812
341 813
342 814
343 815
344 816
345 817
346 818
347 819
348 820
349 821
350 822
351 823
352 824
353 825
354 826
355 827
356 828
357 829
358 830
359 831
360 832
361 833
362 834
363 835
364 836
365 837
366 838
367 839
367 840
367 841
367 842
367 843
366 844
365 845
364 846
363 847
362 848
361 849
360 850
359 851
358 852
357 853
356 854
355 855
354 856
353 857
352 858
351 859
350 860
349 861
348 862
347 863
346 864
345 865
344 866
343 867
342 868
341 869
340 870
339 871
338 872
337 873
336 874
335 875
334 876
333 877
332 878
331 879
330 880
329 881
328 882
327 883
326 884
325 885
324 886
323 887
322 888
321 889
320 890
319 891
318 892
317 893
316 894
315 895
314 896
313 897
312 898
311 899
310 900
309 901
308 902
307 903
306 904
305 905
304 906
303 907
303 908
303 909
304 910
305 911
306 912
307 913
308 914
309 915
310 916
311 917
312 918
313 919
314 920
315 921
316 922
317 923
318 924
319 925
320 926
321 927
322 928
323 929
324 930
325 931
326 932
327 933
328 934
329 934
330 934
331 934
332 934
333 934
334 934
335 934
336 934
337 934
338 934
339 934
340 934
341 934
342 934
343 934
344 934
345 934
346 934
347 934
348 934
349 934
350 934
351 934
352 934
353 934
354 934
355 934
356 934
357 934
358 934
359 934
360 934
361 934
362 934
363 934
364 934
365 934
366 934
367 934
368 934
369 934
370 934
371 934
372 934
373 934
374 934
375 934
376 934
377 934
378 934
379 934
380 934
381 934
382 934
383 934
384 934
385 934
386 934
387 933
388 933
389 932
390 932
391 931
392 930
393 930
394 930
395 930
396 930
397 930
398 930
399 930
400 930
401 930
402 930
403 930
404 930
405 930
406 930
407 930
408 930
409 930
410 930
411 930
412 930
413 930
414 930
415 930
416 930
417 930
418 930
419 930
420 930
421 930
422 930
423 930
424 930
425 930
426 930
427 930
428 930
429 930
430 930
431 930
432 930
433 930
434 930
435 930
436 930
437 930
438 930
439 930
440 930
441 930
442 930
443 930
444 930
445 930
446 930
447 930
448 930
449 930
450 930
451 930
452 930
453 930
454 930
455 930
456 930
457 930
458 930
459 930
460 930
461 930
462 930
463 930
464 930
465 930
466 930
467 930
468 930
469 930
470 930
471 930
472 930
473 930
474 930
475 930
476 930
477 930
478 930
479 930
480 930
481 930
482 930
483 930
484 930
485 930
486 930
487 930
488 930
489 930
490 930
491 930
492 930
493 930
494 930
495 930
496 930
497 930
498 930
499 930
500 930
501 930
502 930
503 930
504 930
505 930
506 930
507 930
508 930
509 930
510 930
511 930
512 930
513 930
514 930
515 930
516 930
517 930
518 930
519 930
520 930
521 930
522 930
523 930
524 930
525 930
526 930
527 930
528 930
529 930
530 929
531 929
532 929
533 929
534 929
535 929
536 928
537 928
538 928
539 928
540 928
541 928
542 927
543 927
544 927
545 927
546 926
547 925
548 924
549 923
550 922
551 921
552 920
553 919
554 918
555 917
556 916
557 915
558 914
559 913
560 912
561 911
562 910
563 909
564 908
565 907
566 906
567 905
568 904
569 903
570 902
571 901
572 900
573 899
574 898
575 897
575 896
575 895
575 894
575 893
574 892
573 891
572 890
571 889
570 888
569 887
568 886
567 885
566 884
565 883
564 882
563 881
562 880
561 879
560 878
559 877
558 876
557 875
556 874
555 873
554 872
553 871
552 870
551 869
550 868
549 867
548 866
547 865
546 864
545 863
544 862
543 861
542 860
541 859
540 858
539 857
538 856
537 855
536 854
535 853
534 852
533 851
532 850
531 849
530 848
529 847
528 846
527 845
526 844
525 843
524 842
523 841
522 840
521 839
520 838
519 837
518 836
517 835
516 834
515 833
514 832
513 831
513 830
513 829
513 828
513 827
513 826
513 825
513 824
514 823
515 822
516 821
517 820
518 819
519 818
520 817
521 816
522 815
523 814
524 813
525 812
526 811
527 810
528 809
529 808
530 807
531 806
532 805
533 804
534 803
535 802
536 801
537 800
538 799
539 798
540 797
541 796
542 795
543 794
544 793
545 792
546 791
547 790
548 789
549 788
550 787
551 786
552 785
553 784
554 783
555 782
556 781
557 780
558 780
559 780
560 780
561 780
562 780
563 780
564 780
565 780
566 780
567 780
568 780
569 780
570 780
571 780
572 780
573 780
574 780
575 780
576 780
577 780
578 780
579 780
580 780
581 780
582 780
583 780
584 780
585 780
586 780
587 780
588 780
589 780
590 780
591 780
592 780
593 780
594 780
595 780
596 780
597 780
598 780
599 780
600 780
601 780
602 780
603 780
604 780
605 780
606 780
607 780
608 780
609 780
610 780
611 780
612 780
613 780
614 780
615 780
616 780
617 780
618 780
619 780
620 780
621 780
622 780
623 780
624 780
625 780
626 780
627 780
628 780
629 780
630 780
631 780
632 780
633 780
634 780
635 780
636 780
637 780
638 780
639 780
640 780
641 780
642 780
643 780
644 780
645 780
646 781
647 781
648 781
649 781
650 782
651 782
652 782
653 782
654 782
655 782
656 782
657 782
658 782
659 782
660 782
661 782
662 782
663 782
664 782
665 782
666 782
667 782
668 782
669 782
670 782
671 782
672 782
673 782
674 782
675 782
676 782
677 782
678 782
679 782
680 782
681 782
682 782
683 782
684 782
685 782
686 782
687 782
688 782
689 782
690 782
691 782
692 783
693 784
694 785
695 786
696 787
697 788
698 789
699 790
700 791
701 792
702 793
703 794
704 795
705 796
706 797
707 798
708 799
709 800
710 801
711 802
712 803
713 804
714 805
715 806
716 807
717 808
718 809
719 810
720 811
721 812
722 813
723 814
724 815
725 816
726 817
727 818
728 819
729 820
730 821
731 822
732 823
733 824
734 825
735 826
736 827
737 828
738 829
739 830
740 831
741 832
742 833
743 834
744 835
745 836
746 837
747 838
748 839
749 840
750 841
751 842
752 843
753 844
754 845
755 846
756 847
757 848
758 849
759 850
760 851
761 851
762 852
763 853
764 854
765 854
766 855
767 856
768 856
769 857
770 858
771 858
772 859
773 860
774 861
775 861
776 862
777 863
778 864
779 864
780 865
781 866
782 867
783 868
784 868
785 869
786 870
787 871
788 872
789 872
790 873
791 874
792 875
793 876
794 876
795 877
796 878
797 879
798 880
799 881
800 881
801 882
802 883
803 884
804 885
805 886
806 887
807 888
808 889
809 890
810 891
811 892
812 893
813 894
814 894
815 895
816 896
817 897
818 898
819 899
820 900
821 900
822 901
823 902
824 902
825 903
826 903
827 903
828 904
829 904
830 905
831 905
832 906
833 906
834 907
835 907
836 908
837 908
838 909
839 909
840 909
841 910
842 910
843 911
844 911
845 912
846 912
847 912
848 913
849 913
850 914
851 914
852 914
853 915
854 915
855 916
856 916
857 916
858 917
859 917
860 917
861 918
862 918
863 919
864 919
865 919
866 920
867 920
868 920
869 921
870 921
871 921
872 922
873 922
874 923
875 923
876 923
877 924
878 924
879 924
880 925
881 925
882 925
883 926
884 926
885 926
886 927
887 927
888 927
889 928
890 928
891 929
892 929
893 929
894 930
895 930
896 930
897 931
898 931
899 931
900 932
901 932
902 932
903 933
904 933
905 933
906 934
907 934
908 935
909 935
910 935
911 936
912 936
913 936
914 937
915 937
916 937
917 938
918 938
919 939
920 939
921 939
922 940
923 940
924 940
925 941
926 941
927 942
928 942
929 942
930 943
931 943
932 944
933 944
934 944
935 945
936 945
937 946
938 946
939 946
940 947
941 947
942 948
943 948
944 949
945 949
946 949
947 950
948 950
949 951
950 951
951 952
952 952
953 952
954 953
955 953
956 954
957 954
958 955
959 955
960 956
961 956
962 956
963 957
964 957
965 958
966 958
967 959
968 960
969 960
970 961
971 962
972 963
973 964
974 964
975 965
976 966
977 966
978 967
979 967
980 967
981 967
982 968
983 969
984 970
985 971
986 972
987 973
988 974
989 975
990 976
991 977
992 978
993 979
994 980
995 981
996 982
997 983
998 984
998 985
998 986
998 987
998 988
998 989
998 990
998 991
998 992
998 993
998 994
998 995
998 996
998 997
998 998
